11
sushi
1 0.29 0.82 0.46 0.68 0.52 0.72 0.42 0.51 0.34 0.55 
maki
0.29 1 0.55 0.46 0.42 0.43 0.43 0.23 0.23 0.98 0.77
temaki
0.82 0.55 1 0.68 0.46 0.55 0.23 0.43 0.41 0.44 0.22
tempura
0.46 0.46 0.68 1 0.82 0.15 0.72 0.31 0.62 0.43 0.67
edamame
0.68 0.42 0.46 0.82 1 0.74 0.23 0.52 0.21 0.12 0.23
arroz
0.52 0.43 0.55 0.15 0.74 1 0.61 0.23 0.55 0.19 0.81
polloKimono
0.72 0.43 0.23 0.72 0.23 0.61 1 0.42 0.23 0.53 0.42
nigiri
0.42 0.23 0.43 0.31 0.52 0.23 0.42 1 0.33 0.72 0.62
sashimi
0.51 0.23 0.41 0.62 0.21 0.55 0.23 0.33 1 0.21 0.19
yakisoba
0.34 0.98 0.44 0.43 0.12 0.19 0.53 0.72 0.21 1 0.38
sidra
0.55 0.77 0.22 0.67 0.23 0.81 0.42 0.62 0.19 0.38 1

