15
A
1 0.29 0.82 0.46 0.68 0.52 0.72 0.42 0.51 0.55 0.29 0.74 0.23 0.72 0.46
B
0.29 1 0.55 0.46 0.42 0.43 0.43 0.23 0.23 0.31 0.41 0.51 0.11 0.52 0.21
C
0.82 0.55 1 0.68 0.46 0.55 0.23 0.43 0.41 0.29 0.79 0.21 0.64 0.31 0.51
D
0.46 0.46 0.68 1 0.82 0.15 0.72 0.31 0.62 0.42 0.21 0.51 0.51 0.43 0.64
E
0.68 0.42 0.46 0.82 1 0.74 0.23 0.52 0.21 0.46 0.82 0.58 0.46 0.65 0.23
F
0.52 0.43 0.55 0.15 0.74 1 0.61 0.23 0.55 0.31 0.33 0.37 0.51 0.29 0.59
G
0.72 0.43 0.23 0.72 0.23 0.61 1 0.42 0.23 0.31 0.77 0.37 0.51 0.46 0.33
H
0.42 0.23 0.43 0.31 0.52 0.23 0.42 1 0.33 0.15 0.37 0.33 0.33 0.31 0.37
I
0.51 0.23 0.41 0.62 0.21 0.55 0.23 0.33 1 0.29 0.62 0.46 0.29 0.51 0.11
J
0.55 0.31 0.29 0.42 0.46 0.31 0.31 0.15 0.29 1 0.51 0.21 0.41 0.23 0.37
K
0.29 0.41 0.79 0.21 0.82 0.33 0.77 0.37 0.62 0.51 1 0.65 0.42 0.59 0.61
L
0.74 0.51 0.21 0.51 0.58 0.37 0.37 0.33 0.46 0.21 0.65 1 0.61 0.11 0.55
M
0.23 0.11 0.64 0.51 0.46 0.51 0.51 0.33 0.29 0.41 0.42 0.61 1 0.62 0.23
N
0.72 0.52 0.31 0.43 0.65 0.29 0.46 0.31 0.51 0.23 0.59 0.11 0.62 1 0.59
O
0.46 0.21 0.51 0.64 0.23 0.59 0.33 0.37 0.11 0.37 0.61 0.55 0.23 0.59 1